{"nodes": [{"i": 0, "slug": "ai-generated-images-for-representing-individuals-navigating-the-thin-line-between-care-and-bias", "title": "AI-Generated Images for Representing Individuals: Navigating the Thin Line between Care and Bias", "url": "/ai-generated-images-for-representing-individuals-navigating-the-thin-line-between-care-and-bias", "x": 310.51, "y": 416.65}, {"i": 1, "slug": "alfabetizzazione-delle-reti-come-comprendere-progettare-e-leggere-modelli-relazionali-visivi", "title": "Alfabetizzazione delle reti: Come comprendere, progettare e leggere modelli relazionali visivi", "url": "/alfabetizzazione-delle-reti-come-comprendere-progettare-e-leggere-modelli-relazionali-visivi", "x": 422.63, "y": 271.93}, {"i": 2, "slug": "archives-museums-and-installations-aldo-rossis-legacy-in-digital-transition", "title": "Archives, Museums, and Installations: Aldo Rossi’s Legacy in Digital Transition", "url": "/archives-museums-and-installations-aldo-rossis-legacy-in-digital-transition", "x": 539.17, "y": 100.49}, {"i": 3, "slug": "ars-memorativa-as-the-genesis-of-information-design-a-conversation-with-manuel-lima", "title": "Ars Memorativa as the Genesis of Information Design: A Conversation with Manuel Lima", "url": "/ars-memorativa-as-the-genesis-of-information-design-a-conversation-with-manuel-lima", "x": 451.93, "y": 48.31}, {"i": 4, "slug": "big-data-and-the-little-big-bang-an-epistemological-revolution", "title": "Big Data and the Little Big Bang: An Epistemological (R)evolution", "url": "/big-data-and-the-little-big-bang-an-epistemological-revolution", "x": 413.52, "y": 86.24}, {"i": 5, "slug": "cartographie-des-affinites-democratiser-la-visualisation-des-donnees", "title": "Cartographie des affinités : Démocratiser la visualisation des données", "url": "/cartographie-des-affinites-democratiser-la-visualisation-des-donnees", "x": 573.88, "y": 298.09}, {"i": 6, "slug": "choreography-design-and-technology-an-interview-with-lins-derry-from-the-metalab-at-harvard", "title": "Choreography, Design, and Technology: An Interview with Lins Derry from the metaLAB (at) Harvard", "url": "/choreography-design-and-technology-an-interview-with-lins-derry-from-the-metalab-at-harvard", "x": 621.66, "y": 243.27}, {"i": 7, "slug": "collective-care-visap-25-catalog", "title": "Collective Care: VISAP ’25 Catalog", "url": "/collective-care-visap-25-catalog", "x": 255.35, "y": 241.69}, {"i": 8, "slug": "data-storytelling-a-visual-historiography-of-winter-olympic-games", "title": "Data Storytelling: A Visual Historiography of Winter Olympic Games", "url": "/data-storytelling-a-visual-historiography-of-winter-olympic-games", "x": 549.87, "y": 357.98}, {"i": 9, "slug": "drawing-network-visualizations-on-a-continuous-spherical-surface", "title": "Drawing Network Visualizations on a Continuous, Spherical Surface", "url": "/drawing-network-visualizations-on-a-continuous-spherical-surface", "x": 391.73, "y": 227.68}, {"i": 10, "slug": "ethical-and-aesthetical-questions-on-stock-images-the-case-of-ais-depictions", "title": "Ethical and Aesthetical Questions on Stock Images: The Case of AI's Depictions", "url": "/ethical-and-aesthetical-questions-on-stock-images-the-case-of-ais-depictions", "x": 289.85, "y": 366.76}, {"i": 11, "slug": "extending-museum-beyond-physical-space-a-data-driven-study-of-aldo-rossis-analogous-city-as-a-mobile-museum-object", "title": "Extending Museum beyond Physical Space: A Data-Driven Study of Aldo Rossi’s Analogous City as a Mobile Museum Object", "url": "/extending-museum-beyond-physical-space-a-data-driven-study-of-aldo-rossis-analogous-city-as-a-mobile-museum-object", "x": 581.47, "y": 134.05}, {"i": 12, "slug": "four-guiding-principles-for-rethinking-organizational-charts", "title": "Four Guiding Principles for Rethinking Organizational Charts", "url": "/four-guiding-principles-for-rethinking-organizational-charts", "x": 476.44, "y": 267.29}, {"i": 13, "slug": "from-wisdom-to-data-philosophical-atlas-on-visual-representations-of-knowledge", "title": "From Wisdom to Data: Philosophical Atlas on Visual Representations of Knowledge", "url": "/from-wisdom-to-data-philosophical-atlas-on-visual-representations-of-knowledge", "x": 465.6, "y": 100.55}, {"i": 14, "slug": "grounding-ai-exploring-the-role-of-algorithms-in-science", "title": "Grounding AI: Exploring the Role of Algorithms in Science", "url": "/grounding-ai-exploring-the-role-of-algorithms-in-science", "x": 453.09, "y": 479.89}, {"i": 15, "slug": "grounding-ai-map-the-consequences-of-living-with-the-trouble-of-an-irreductionist-map", "title": "Grounding AI Map: The Consequences of Living with the Trouble of an Irreductionist Map", "url": "/grounding-ai-map-the-consequences-of-living-with-the-trouble-of-an-irreductionist-map", "x": 450.08, "y": 425.98}, {"i": 16, "slug": "immersive-architectures-for-visual-data-literacy", "title": "Immersive Architectures for Visual Data Literacy", "url": "/immersive-architectures-for-visual-data-literacy", "x": 589.38, "y": 394.79}, {"i": 17, "slug": "in-praise-of-visual-representation-an-inquiry-into-text-analysis-and-network-visualization-for-charting-scientific-communities", "title": "In Praise of Visual Representation: An Inquiry into Text Analysis and Network Visualization for Charting Scientific Communities", "url": "/in-praise-of-visual-representation-an-inquiry-into-text-analysis-and-network-visualization-for-charting-scientific-communities", "x": 368.87, "y": 276.58}, {"i": 18, "slug": "living-library-of-trees-mapping-knowledge-ecology-in-arnold-arboretum", "title": "Living Library of Trees: Mapping Knowledge Ecology in Arnold Arboretum", "url": "/living-library-of-trees-mapping-knowledge-ecology-in-arnold-arboretum", "x": 404.87, "y": 455.57}, {"i": 19, "slug": "making-visible-the-invisible-work-of-scientists-during-the-covid-19-pandemic", "title": "Making Visible the Invisible Work of Scientists during the COVID-19 Pandemic", "url": "/making-visible-the-invisible-work-of-scientists-during-the-covid-19-pandemic", "x": 515.28, "y": 399.44}, {"i": 20, "slug": "mapping-affinities-democratizing-data-visualization", "title": "Mapping Affinities: Democratizing Data Visualization", "url": "/mapping-affinities-democratizing-data-visualization", "x": 567.67, "y": 244.45}, {"i": 21, "slug": "mapping-techniques-for-an-automated-library-classification-the-case-study-of-library-loans-at-bibliotheca-hertziana", "title": "Mapping Techniques for an Automated Library Classification: The Case Study of Library Loans at Bibliotheca Hertziana", "url": "/mapping-techniques-for-an-automated-library-classification-the-case-study-of-library-loans-at-bibliotheca-hertziana", "x": 627.86, "y": 296.91}, {"i": 22, "slug": "moving-pictures-of-thought-extracting-visual-knowledge-in-charles-s-peirce-s-manuscripts-with-vision-language-models", "title": "Moving Pictures of Thought: Extracting Visual Knowledge in Charles S. Peirce’s Manuscripts with Vision-Language Models", "url": "/moving-pictures-of-thought-extracting-visual-knowledge-in-charles-s-peirce-s-manuscripts-with-vision-language-models", "x": 427.23, "y": 138.53}, {"i": 23, "slug": "network-literacy-how-to-understand-design-and-read-a-visual-relational-model", "title": "Network Literacy: How to Understand, Design, and Read a Visual Relational Model", "url": "/network-literacy-how-to-understand-design-and-read-a-visual-relational-model", "x": 453.57, "y": 316.2}, {"i": 24, "slug": "peirce-interprets-peirce-digitization-automation-and-interpretation-in-charles-peirce-s-manuscripts", "title": "Peirce Interprets Peirce: Digitization, Automation, and Interpretation in Charles Peirce’s Manuscripts", "url": "/peirce-interprets-peirce-digitization-automation-and-interpretation-in-charles-peirce-s-manuscripts", "x": 375.15, "y": 124.25}, {"i": 25, "slug": "printing-walkable-visualizations", "title": "Printing Walkable Visualizations", "url": "/printing-walkable-visualizations", "x": 445.51, "y": 223.04}, {"i": 26, "slug": "super-vision-tracing-epfl-history-through-8000-doctoral-theses", "title": "Super-Vision: Tracing EPFL History through 8,000 Doctoral Theses", "url": "/super-vision-tracing-epfl-history-through-8000-doctoral-theses", "x": 573.52, "y": 187.48}, {"i": 27, "slug": "surprise-machines-revealing-harvard-art-museums-image-collection", "title": "Surprise Machines: Revealing Harvard Art Museums’ Image Collection", "url": "/surprise-machines-revealing-harvard-art-museums-image-collection", "x": 298.94, "y": 149.72}, {"i": 28, "slug": "the-analogous-city-the-map", "title": "The Analogous City, the Map", "url": "/the-analogous-city-the-map", "x": 531.22, "y": 153.91}, {"i": 29, "slug": "vers-une-litteratie-des-donnees-dans-lespace-public-la-cartographie-de-coronavirus-dans-ars-electronica-2021", "title": "Vers une littératie des données dans l’espace public : la cartographie du coronavirus dans Ars Electronica 2021", "url": "/vers-une-litteratie-des-donnees-dans-lespace-public-la-cartographie-de-coronavirus-dans-ars-electronica-2021", "x": 554.79, "y": 436.26}, {"i": 30, "slug": "visual-abstraction", "title": "Visual Abstraction", "url": "/visual-abstraction", "x": 399.77, "y": 320.85}, {"i": 31, "slug": "visualizing-as-a-form-of-collective-care", "title": "Visualizing as a Form of Collective Care", "url": "/visualizing-as-a-form-of-collective-care", "x": 248.6, "y": 295.26}, {"i": 32, "slug": "weather-map-a-diachronic-visual-model-for-controversy-mapping", "title": "Weather Map: A Diachronic Visual Model for Controversy Mapping", "url": "/weather-map-a-diachronic-visual-model-for-controversy-mapping", "x": 401.85, "y": 401.65}], "similarity": [[0.0, 0.7414, 0.6215, 0.6756, 0.6506, 0.7133, 0.6636, 0.758, 0.6683, 0.7454, 0.7855, 0.6627, 0.6853, 0.7365, 0.701, 0.7563, 0.7258, 0.7629, 0.6581, 0.6744, 0.7048, 0.6985, 0.7147, 0.7449, 0.6325, 0.7168, 0.6443, 0.6409, 0.6303, 0.706, 0.7054, 0.7798, 0.7241], [0.7414, 0.0, 0.6648, 0.7285, 0.7021, 0.7946, 0.6859, 0.7492, 0.6768, 0.8164, 0.7022, 0.6891, 0.731, 0.7733, 0.6881, 0.7705, 0.7442, 0.8392, 0.7188, 0.6956, 0.7954, 0.7554, 0.7641, 0.9697, 0.6607, 0.7435, 0.6556, 0.6229, 0.6441, 0.7391, 0.7707, 0.7575, 0.7032], [0.6215, 0.6648, 0.0, 0.6903, 0.5963, 0.6616, 0.6738, 0.6875, 0.6995, 0.6115, 0.6403, 0.7728, 0.5966, 0.6687, 0.5974, 0.6617, 0.654, 0.6445, 0.6864, 0.5803, 0.6673, 0.6077, 0.6366, 0.6743, 0.6366, 0.6665, 0.6541, 0.6089, 0.7316, 0.6601, 0.6545, 0.6963, 0.661], [0.6756, 0.7285, 0.6903, 0.0, 0.6625, 0.7451, 0.7119, 0.6937, 0.6693, 0.6731, 0.6567, 0.7007, 0.6982, 0.776, 0.6197, 0.6811, 0.7178, 0.705, 0.6666, 0.6462, 0.7277, 0.6832, 0.7134, 0.728, 0.6503, 0.6899, 0.6644, 0.6099, 0.6578, 0.7357, 0.7049, 0.699, 0.6832], [0.6506, 0.7021, 0.5963, 0.6625, 0.0, 0.6881, 0.6091, 0.6596, 0.6268, 0.6523, 0.691, 0.6238, 0.6617, 0.7302, 0.7087, 0.7161, 0.6816, 0.6925, 0.6848, 0.6384, 0.6971, 0.6496, 0.6467, 0.7015, 0.6205, 0.6299, 0.606, 0.5625, 0.5752, 0.7051, 0.6236, 0.6876, 0.618], [0.7133, 0.7946, 0.6616, 0.7451, 0.6881, 0.0, 0.7103, 0.7101, 0.7037, 0.7346, 0.6553, 0.7108, 0.7285, 0.7697, 0.6767, 0.7596, 0.6958, 0.7626, 0.6877, 0.6541, 0.9571, 0.7726, 0.7115, 0.7783, 0.6568, 0.7265, 0.6923, 0.6217, 0.7009, 0.7141, 0.7039, 0.7237, 0.7185], [0.6636, 0.6859, 0.6738, 0.7119, 0.6091, 0.7103, 0.0, 0.6891, 0.6629, 0.6409, 0.6612, 0.6857, 0.6754, 0.6572, 0.6954, 0.699, 0.6788, 0.6854, 0.6681, 0.614, 0.7197, 0.642, 0.6423, 0.7033, 0.6093, 0.6696, 0.6419, 0.6548, 0.6563, 0.6765, 0.6752, 0.704, 0.6509], [0.758, 0.7492, 0.6875, 0.6937, 0.6596, 0.7101, 0.6891, 0.0, 0.6531, 0.6969, 0.7245, 0.6364, 0.704, 0.7043, 0.6541, 0.7265, 0.754, 0.7267, 0.7135, 0.6711, 0.7041, 0.6799, 0.6662, 0.754, 0.6116, 0.6935, 0.6255, 0.6096, 0.5901, 0.7367, 0.6997, 0.9576, 0.6619], [0.6683, 0.6768, 0.6995, 0.6693, 0.6268, 0.7037, 0.6629, 0.6531, 0.0, 0.6799, 0.6175, 0.6831, 0.6185, 0.6731, 0.5918, 0.6861, 0.7163, 0.6666, 0.6703, 0.619, 0.6855, 0.6622, 0.6268, 0.6892, 0.5842, 0.6558, 0.6575, 0.5954, 0.6474, 0.7075, 0.6233, 0.6767, 0.6977], [0.7454, 0.8164, 0.6115, 0.6731, 0.6523, 0.7346, 0.6409, 0.6969, 0.6799, 0.0, 0.6656, 0.6796, 0.7149, 0.7064, 0.6587, 0.7504, 0.7243, 0.7754, 0.6669, 0.7118, 0.7586, 0.6997, 0.6906, 0.8024, 0.5778, 0.748, 0.6176, 0.5493, 0.6789, 0.7266, 0.706, 0.7203, 0.7269], [0.7855, 0.7022, 0.6403, 0.6567, 0.691, 0.6553, 0.6612, 0.7245, 0.6175, 0.6656, 0.0, 0.6968, 0.6525, 0.7481, 0.7304, 0.7423, 0.6941, 0.7247, 0.6458, 0.613, 0.6543, 0.648, 0.7242, 0.709, 0.6459, 0.7229, 0.6264, 0.6322, 0.6751, 0.6768, 0.6955, 0.7433, 0.6979], [0.6627, 0.6891, 0.7728, 0.7007, 0.6238, 0.7108, 0.6857, 0.6364, 0.6831, 0.6796, 0.6968, 0.0, 0.6087, 0.7085, 0.6582, 0.7256, 0.6775, 0.6697, 0.6902, 0.5965, 0.7116, 0.6946, 0.7042, 0.6973, 0.6715, 0.7371, 0.7332, 0.6877, 0.892, 0.6852, 0.7081, 0.6654, 0.7262], [0.6853, 0.731, 0.5966, 0.6982, 0.6617, 0.7285, 0.6754, 0.704, 0.6185, 0.7149, 0.6525, 0.6087, 0.0, 0.6923, 0.6307, 0.6847, 0.7013, 0.7293, 0.6394, 0.6363, 0.7305, 0.6623, 0.6678, 0.7359, 0.6005, 0.7017, 0.6063, 0.5208, 0.5626, 0.6801, 0.6739, 0.7222, 0.641], [0.7365, 0.7733, 0.6687, 0.776, 0.7302, 0.7697, 0.6572, 0.7043, 0.6731, 0.7064, 0.7481, 0.7085, 0.6923, 0.0, 0.6723, 0.7685, 0.6986, 0.7726, 0.7047, 0.6286, 0.756, 0.7397, 0.7809, 0.7524, 0.6946, 0.6988, 0.6621, 0.6202, 0.685, 0.7123, 0.6874, 0.7254, 0.6954], [0.701, 0.6881, 0.5974, 0.6197, 0.7087, 0.6767, 0.6954, 0.6541, 0.5918, 0.6587, 0.7304, 0.6582, 0.6307, 0.6723, 0.0, 0.8416, 0.6652, 0.72, 0.7, 0.6161, 0.6964, 0.6304, 0.6601, 0.6864, 0.6156, 0.658, 0.5993, 0.6257, 0.6737, 0.6699, 0.6512, 0.6895, 0.6689], [0.7563, 0.7705, 0.6617, 0.6811, 0.7161, 0.7596, 0.699, 0.7265, 0.6861, 0.7504, 0.7423, 0.7256, 0.6847, 0.7685, 0.8416, 0.0, 0.7387, 0.7784, 0.7731, 0.6627, 0.7639, 0.7436, 0.7445, 0.7719, 0.6583, 0.7394, 0.6729, 0.689, 0.6996, 0.7216, 0.7136, 0.7457, 0.7426], [0.7258, 0.7442, 0.654, 0.7178, 0.6816, 0.6958, 0.6788, 0.754, 0.7163, 0.7243, 0.6941, 0.6775, 0.7013, 0.6986, 0.6652, 0.7387, 0.0, 0.7187, 0.6998, 0.8433, 0.7015, 0.6738, 0.675, 0.7645, 0.6315, 0.7049, 0.643, 0.6391, 0.6254, 0.9518, 0.6833, 0.7723, 0.6784], [0.7629, 0.8392, 0.6445, 0.705, 0.6925, 0.7626, 0.6854, 0.7267, 0.6666, 0.7754, 0.7247, 0.6697, 0.7293, 0.7726, 0.72, 0.7784, 0.7187, 0.0, 0.7051, 0.689, 0.7709, 0.7511, 0.7711, 0.8301, 0.6683, 0.732, 0.6905, 0.5954, 0.6321, 0.7033, 0.7367, 0.7364, 0.6928], [0.6581, 0.7188, 0.6864, 0.6666, 0.6848, 0.6877, 0.6681, 0.7135, 0.6703, 0.6669, 0.6458, 0.6902, 0.6394, 0.7047, 0.7, 0.7731, 0.6998, 0.7051, 0.0, 0.6096, 0.702, 0.7152, 0.6755, 0.7372, 0.6361, 0.6364, 0.666, 0.6653, 0.6326, 0.6855, 0.6457, 0.7146, 0.6722], [0.6744, 0.6956, 0.5803, 0.6462, 0.6384, 0.6541, 0.614, 0.6711, 0.619, 0.7118, 0.613, 0.5965, 0.6363, 0.6286, 0.6161, 0.6627, 0.8433, 0.689, 0.6096, 0.0, 0.6603, 0.6021, 0.6138, 0.6898, 0.5609, 0.6678, 0.5976, 0.5849, 0.5652, 0.8482, 0.6431, 0.6955, 0.6416], [0.7048, 0.7954, 0.6673, 0.7277, 0.6971, 0.9571, 0.7197, 0.7041, 0.6855, 0.7586, 0.6543, 0.7116, 0.7305, 0.756, 0.6964, 0.7639, 0.7015, 0.7709, 0.702, 0.6603, 0.0, 0.7583, 0.7151, 0.7859, 0.6649, 0.7226, 0.7092, 0.6082, 0.7053, 0.719, 0.724, 0.7189, 0.6986], [0.6985, 0.7554, 0.6077, 0.6832, 0.6496, 0.7726, 0.642, 0.6799, 0.6622, 0.6997, 0.648, 0.6946, 0.6623, 0.7397, 0.6304, 0.7436, 0.6738, 0.7511, 0.7152, 0.6021, 0.7583, 0.0, 0.7165, 0.7425, 0.696, 0.6844, 0.6862, 0.6384, 0.6296, 0.6642, 0.6344, 0.6798, 0.6715], [0.7147, 0.7641, 0.6366, 0.7134, 0.6467, 0.7115, 0.6423, 0.6662, 0.6268, 0.6906, 0.7242, 0.7042, 0.6678, 0.7809, 0.6601, 0.7445, 0.675, 0.7711, 0.6755, 0.6138, 0.7151, 0.7165, 0.0, 0.7661, 0.8451, 0.7353, 0.6804, 0.6386, 0.6427, 0.6541, 0.724, 0.6835, 0.7261], [0.7449, 0.9697, 0.6743, 0.728, 0.7015, 0.7783, 0.7033, 0.754, 0.6892, 0.8024, 0.709, 0.6973, 0.7359, 0.7524, 0.6864, 0.7719, 0.7645, 0.8301, 0.7372, 0.6898, 0.7859, 0.7425, 0.7661, 0.0, 0.6647, 0.7445, 0.6523, 0.6286, 0.6413, 0.7457, 0.7735, 0.7623, 0.7102], [0.6325, 0.6607, 0.6366, 0.6503, 0.6205, 0.6568, 0.6093, 0.6116, 0.5842, 0.5778, 0.6459, 0.6715, 0.6005, 0.6946, 0.6156, 0.6583, 0.6315, 0.6683, 0.6361, 0.5609, 0.6649, 0.696, 0.8451, 0.6647, 0.0, 0.6426, 0.6287, 0.6425, 0.6012, 0.6353, 0.6311, 0.614, 0.6125], [0.7168, 0.7435, 0.6665, 0.6899, 0.6299, 0.7265, 0.6696, 0.6935, 0.6558, 0.748, 0.7229, 0.7371, 0.7017, 0.6988, 0.658, 0.7394, 0.7049, 0.732, 0.6364, 0.6678, 0.7226, 0.6844, 0.7353, 0.7445, 0.6426, 0.0, 0.6822, 0.609, 0.6997, 0.703, 0.727, 0.7259, 0.7106], [0.6443, 0.6556, 0.6541, 0.6644, 0.606, 0.6923, 0.6419, 0.6255, 0.6575, 0.6176, 0.6264, 0.7332, 0.6063, 0.6621, 0.5993, 0.6729, 0.643, 0.6905, 0.666, 0.5976, 0.7092, 0.6862, 0.6804, 0.6523, 0.6287, 0.6822, 0.0, 0.6623, 0.6722, 0.6363, 0.6597, 0.6232, 0.6544], [0.6409, 0.6229, 0.6089, 0.6099, 0.5625, 0.6217, 0.6548, 0.6096, 0.5954, 0.5493, 0.6322, 0.6877, 0.5208, 0.6202, 0.6257, 0.689, 0.6391, 0.5954, 0.6653, 0.5849, 0.6082, 0.6384, 0.6386, 0.6286, 0.6425, 0.609, 0.6623, 0.0, 0.5879, 0.6294, 0.6124, 0.6112, 0.6252], [0.6303, 0.6441, 0.7316, 0.6578, 0.5752, 0.7009, 0.6563, 0.5901, 0.6474, 0.6789, 0.6751, 0.892, 0.5626, 0.685, 0.6737, 0.6996, 0.6254, 0.6321, 0.6326, 0.5652, 0.7053, 0.6296, 0.6427, 0.6413, 0.6012, 0.6997, 0.6722, 0.5879, 0.0, 0.6425, 0.6787, 0.6289, 0.6971], [0.706, 0.7391, 0.6601, 0.7357, 0.7051, 0.7141, 0.6765, 0.7367, 0.7075, 0.7266, 0.6768, 0.6852, 0.6801, 0.7123, 0.6699, 0.7216, 0.9518, 0.7033, 0.6855, 0.8482, 0.719, 0.6642, 0.6541, 0.7457, 0.6353, 0.703, 0.6363, 0.6294, 0.6425, 0.0, 0.659, 0.7557, 0.6777], [0.7054, 0.7707, 0.6545, 0.7049, 0.6236, 0.7039, 0.6752, 0.6997, 0.6233, 0.706, 0.6955, 0.7081, 0.6739, 0.6874, 0.6512, 0.7136, 0.6833, 0.7367, 0.6457, 0.6431, 0.724, 0.6344, 0.724, 0.7735, 0.6311, 0.727, 0.6597, 0.6124, 0.6787, 0.659, 0.0, 0.7304, 0.6968], [0.7798, 0.7575, 0.6963, 0.699, 0.6876, 0.7237, 0.704, 0.9576, 0.6767, 0.7203, 0.7433, 0.6654, 0.7222, 0.7254, 0.6895, 0.7457, 0.7723, 0.7364, 0.7146, 0.6955, 0.7189, 0.6798, 0.6835, 0.7623, 0.614, 0.7259, 0.6232, 0.6112, 0.6289, 0.7557, 0.7304, 0.0, 0.6803], [0.7241, 0.7032, 0.661, 0.6832, 0.618, 0.7185, 0.6509, 0.6619, 0.6977, 0.7269, 0.6979, 0.7262, 0.641, 0.6954, 0.6689, 0.7426, 0.6784, 0.6928, 0.6722, 0.6416, 0.6986, 0.6715, 0.7261, 0.7102, 0.6125, 0.7106, 0.6544, 0.6252, 0.6971, 0.6777, 0.6968, 0.6803, 0.0]], "canvas": {"w": 856, "h": 600}, "links": [{"source": 0, "target": 10, "value": 0.7855}, {"source": 1, "target": 23, "value": 0.9697}, {"source": 2, "target": 11, "value": 0.7728}, {"source": 3, "target": 13, "value": 0.776}, {"source": 4, "target": 13, "value": 0.7302}, {"source": 5, "target": 20, "value": 0.9571}, {"source": 6, "target": 20, "value": 0.7197}, {"source": 7, "target": 31, "value": 0.9576}, {"source": 8, "target": 16, "value": 0.7163}, {"source": 9, "target": 1, "value": 0.8164}, {"source": 11, "target": 28, "value": 0.892}, {"source": 12, "target": 23, "value": 0.7359}, {"source": 13, "target": 22, "value": 0.7809}, {"source": 14, "target": 15, "value": 0.8416}, {"source": 16, "target": 29, "value": 0.9518}, {"source": 17, "target": 1, "value": 0.8392}, {"source": 18, "target": 15, "value": 0.7731}, {"source": 19, "target": 29, "value": 0.8482}, {"source": 21, "target": 5, "value": 0.7726}, {"source": 22, "target": 24, "value": 0.8451}, {"source": 25, "target": 9, "value": 0.748}, {"source": 26, "target": 11, "value": 0.7332}, {"source": 30, "target": 23, "value": 0.7735}, {"source": 32, "target": 15, "value": 0.7426}]}